sourceTypeID	modelYearID	fuelTypeID	engTechID	fuelEngFraction
21	1960	1	1	0.9931230892477415
21	1960	2	1	0.006876910752258523
21	1960	5	1	0.0
21	1960	9	30	0.0
21	1961	1	1	0.9931230892477415
21	1961	2	1	0.006876910752258523
21	1961	5	1	0.0
21	1961	9	30	0.0
21	1962	1	1	0.9931230892477415
21	1962	2	1	0.006876910752258523
21	1962	5	1	0.0
21	1962	9	30	0.0
21	1963	1	1	0.9931230892477415
21	1963	2	1	0.006876910752258523
21	1963	5	1	0.0
21	1963	9	30	0.0
21	1964	1	1	0.9931230892477415
21	1964	2	1	0.006876910752258523
21	1964	5	1	0.0
21	1964	9	30	0.0
21	1965	1	1	0.9931230892477415
21	1965	2	1	0.006876910752258523
21	1965	5	1	0.0
21	1965	9	30	0.0
21	1966	1	1	0.9931230892477415
21	1966	2	1	0.006876910752258523
21	1966	5	1	0.0
21	1966	9	30	0.0
21	1967	1	1	0.9931230892477415
21	1967	2	1	0.006876910752258523
21	1967	5	1	0.0
21	1967	9	30	0.0
21	1968	1	1	0.9931230892477415
21	1968	2	1	0.006876910752258523
21	1968	5	1	0.0
21	1968	9	30	0.0
21	1969	1	1	0.9931230892477415
21	1969	2	1	0.006876910752258523
21	1969	5	1	0.0
21	1969	9	30	0.0
21	1970	1	1	0.9931230892477415
21	1970	2	1	0.006876910752258523
21	1970	5	1	0.0
21	1970	9	30	0.0
21	1971	1	1	0.9931230892477415
21	1971	2	1	0.006876910752258523
21	1971	5	1	0.0
21	1971	9	30	0.0
21	1972	1	1	0.9931230892477415
21	1972	2	1	0.006876910752258523
21	1972	5	1	0.0
21	1972	9	30	0.0
21	1973	1	1	0.9931230892477415
21	1973	2	1	0.006876910752258523
21	1973	5	1	0.0
21	1973	9	30	0.0
21	1974	1	1	0.9931230892477415
21	1974	2	1	0.006876910752258523
21	1974	5	1	0.0
21	1974	9	30	0.0
21	1975	1	1	0.9819798049604956
21	1975	2	1	0.01802019503950436
21	1975	5	1	0.0
21	1975	9	30	0.0
21	1976	1	1	0.9834911954842922
21	1976	2	1	0.016508804515707735
21	1976	5	1	0.0
21	1976	9	30	0.0
21	1977	1	1	0.9870682962450434
21	1977	2	1	0.012931703754956628
21	1977	5	1	0.0
21	1977	9	30	0.0
21	1978	1	1	0.9849427035322347
21	1978	2	1	0.015057296467765383
21	1978	5	1	0.0
21	1978	9	30	0.0
21	1979	1	1	0.9688337082807144
21	1979	2	1	0.031166291719285612
21	1979	5	1	0.0
21	1979	9	30	0.0
21	1980	1	1	0.9533292865334517
21	1980	2	1	0.04667071346654805
21	1980	5	1	0.0
21	1980	9	30	0.0
21	1981	1	1	0.9235982743573612
21	1981	2	1	0.07640172564263871
21	1981	5	1	0.0
21	1981	9	30	0.0
21	1982	1	1	0.893278136078444
21	1982	2	1	0.10672186392155597
21	1982	5	1	0.0
21	1982	9	30	0.0
21	1983	1	1	0.9226834849154921
21	1983	2	1	0.07731651508450786
21	1983	5	1	0.0
21	1983	9	30	0.0
21	1984	1	1	0.9556461813247886
21	1984	2	1	0.04435381867521138
21	1984	5	1	0.0
21	1984	9	30	0.0
21	1985	1	1	0.9662509137496333
21	1985	2	1	0.03374908625036664
21	1985	5	1	0.0
21	1985	9	30	0.0
21	1986	1	1	0.9911176887707326
21	1986	2	1	0.0088823112292674
21	1986	5	1	0.0
21	1986	9	30	0.0
21	1987	1	1	0.9872330641047783
21	1987	2	1	0.012766935895221761
21	1987	5	1	0.0
21	1987	9	30	0.0
21	1988	1	1	0.9997400090373856
21	1988	2	1	2.5999096261446246E-4
21	1988	5	1	0.0
21	1988	9	30	0.0
21	1989	1	1	0.9990893613651661
21	1989	2	1	9.106386348339074E-4
21	1989	5	1	0.0
21	1989	9	30	0.0
21	1990	1	1	0.9989359636226511
21	1990	2	1	0.001064036377348828
21	1990	5	1	0.0
21	1990	9	30	0.0
21	1991	1	1	0.9971766741556747
21	1991	2	1	0.0028233258443252644
21	1991	5	1	0.0
21	1991	9	30	0.0
21	1992	1	1	0.998834703027928
21	1992	2	1	0.0011652969720720616
21	1992	5	1	0.0
21	1992	9	30	0.0
21	1993	1	1	0.9993082761978291
21	1993	2	1	6.917238021708641E-4
21	1993	5	1	0.0
21	1993	9	30	0.0
21	1994	1	1	0.9998498948848006
21	1994	2	1	1.501051151994331E-4
21	1994	5	1	0.0
21	1994	9	30	0.0
21	1995	1	1	0.99905735966442
21	1995	2	1	9.426403355799595E-4
21	1995	5	1	0.0
21	1995	9	30	0.0
21	1996	1	1	0.9987567763873473
21	1996	2	1	0.0012432236126527281
21	1996	5	1	0.0
21	1996	9	30	0.0
21	1997	1	1	0.9990926127517822
21	1997	2	1	9.07387248217776E-4
21	1997	5	1	0.0
21	1997	9	30	0.0
21	1998	1	1	0.9887740317169771
21	1998	2	1	0.002207409980203068
21	1998	5	1	0.009018558302819835
21	1998	9	30	0.0
21	1999	1	1	0.981177293773463
21	1999	2	1	0.0018786663385509741
21	1999	5	1	0.01694403988798607
21	1999	9	30	0.0
21	2000	1	1	0.9755423495739055
21	2000	2	1	0.002573120223466974
21	2000	5	1	0.021884530202627473
21	2000	9	30	0.0
21	2001	1	1	0.9740278769914126
21	2001	2	1	0.002976469199040689
21	2001	5	1	0.022995653809546688
21	2001	9	30	0.0
21	2002	1	1	0.9623217151645551
21	2002	2	1	0.004305574874629379
21	2002	5	1	0.03337270996081555
21	2002	9	30	0.0
21	2003	1	1	0.9600663522467173
21	2003	2	1	0.00392033466071874
21	2003	5	1	0.036013313092563976
21	2003	9	30	0.0
21	2004	1	1	0.9671517573771166
21	2004	2	1	0.0031063934006683356
21	2004	5	1	0.02974184922221514
21	2004	9	30	0.0
21	2005	1	1	0.9648051988879733
21	2005	2	1	0.004790385044573357
21	2005	5	1	0.030404416067453338
21	2005	9	30	0.0
21	2006	1	1	0.95876990454085
21	2006	2	1	0.006891759269459193
21	2006	5	1	0.034338336189690837
21	2006	9	30	0.0
21	2007	1	1	0.9631213861401484
21	2007	2	1	3.423316695205537E-4
21	2007	5	1	0.03653628219033102
21	2007	9	30	0.0
21	2008	1	1	0.9487165092125156
21	2008	2	1	5.335319668412099E-4
21	2008	5	1	0.0507499588206431
21	2008	9	30	0.0
21	2009	1	1	0.9481591854232473
21	2009	2	1	0.007367972471632622
21	2009	5	1	0.044472842105120036
21	2009	9	30	0.0
21	2010	1	1	0.9357906626832441
21	2010	2	1	0.010122719897599232
21	2010	5	1	0.05408661741915675
21	2010	9	30	0.0
21	2011	1	1	0.9138433644944606
21	2011	2	1	0.011745961714750184
21	2011	5	1	0.07441067379078921
21	2011	9	30	0.0
21	2012	1	1	0.8956822951401995
21	2012	2	1	0.011745961714750184
21	2012	5	1	0.09257174314505034
21	2012	9	30	0.0
21	2013	1	1	0.937279595549523
21	2013	2	1	0.011745961714750184
21	2013	5	1	0.05097444273572679
21	2013	9	30	0.0
21	2014	1	1	0.9374643901603961
21	2014	2	1	0.011745961714750184
21	2014	5	1	0.05078964812485379
21	2014	9	30	0.0
21	2015	1	1	0.9372891638251217
21	2015	2	1	0.011745961714750184
21	2015	5	1	0.0509648744601281
21	2015	9	30	0.0
21	2016	1	1	0.9372345291888692
21	2016	2	1	0.011745961714750184
21	2016	5	1	0.05101950909638067
21	2016	9	30	0.0
21	2017	1	1	0.9371158537144276
21	2017	2	1	0.011745961714750184
21	2017	5	1	0.05113818457082219
21	2017	9	30	0.0
21	2018	1	1	0.9364125281391906
21	2018	2	1	0.011745961714750184
21	2018	5	1	0.051841510146059235
21	2018	9	30	0.0
21	2019	1	1	0.935253486014517
21	2019	2	1	0.011745961714750184
21	2019	5	1	0.05300055227073286
21	2019	9	30	0.0
21	2020	1	1	0.9364150185393671
21	2020	2	1	0.011745961714750184
21	2020	5	1	0.05183901974588275
21	2020	9	30	0.0
21	2021	1	1	0.9359452154168688
21	2021	2	1	0.011745961714750184
21	2021	5	1	0.05230882286838106
21	2021	9	30	0.0
21	2022	1	1	0.9345519412730569
21	2022	2	1	0.011745961714750184
21	2022	5	1	0.05370209701219291
21	2022	9	30	0.0
21	2023	1	1	0.9359683514321591
21	2023	2	1	0.011745961714750184
21	2023	5	1	0.05228568685309077
21	2023	9	30	0.0
21	2024	1	1	0.9365114820160442
21	2024	2	1	0.011745961714750184
21	2024	5	1	0.05174255626920573
21	2024	9	30	0.0
21	2025	1	1	0.9364778744609642
21	2025	2	1	0.011745961714750184
21	2025	5	1	0.051776163824285695
21	2025	9	30	0.0
21	2026	1	1	0.9363811402026806
21	2026	2	1	0.011745961714750184
21	2026	5	1	0.05187289808256921
21	2026	9	30	0.0
21	2027	1	1	0.936139927157016
21	2027	2	1	0.011745961714750184
21	2027	5	1	0.05211411112823387
21	2027	9	30	0.0
21	2028	1	1	0.9357880118704907
21	2028	2	1	0.011745961714750184
21	2028	5	1	0.05246602641475917
21	2028	9	30	0.0
21	2029	1	1	0.9353202979170293
21	2029	2	1	0.011745961714750184
21	2029	5	1	0.05293374036822055
21	2029	9	30	0.0
21	2030	1	1	0.9348507685408995
21	2030	2	1	0.011745961714750184
21	2030	5	1	0.05340326974435025
21	2030	9	30	0.0
21	2031	1	1	0.9347282606172975
21	2031	2	1	0.011745961714750184
21	2031	5	1	0.053525777667952246
21	2031	9	30	0.0
21	2032	1	1	0.9350372659134806
21	2032	2	1	0.011745961714750184
21	2032	5	1	0.05321677237176929
21	2032	9	30	0.0
21	2033	1	1	0.9355090534500877
21	2033	2	1	0.011745961714750184
21	2033	5	1	0.0527449848351621
21	2033	9	30	0.0
21	2034	1	1	0.9358998377561928
21	2034	2	1	0.011745961714750184
21	2034	5	1	0.05235420052905701
21	2034	9	30	0.0
21	2035	1	1	0.9365005815740018
21	2035	2	1	0.011745961714750184
21	2035	5	1	0.051753456711248015
21	2035	9	30	0.0
21	2036	1	1	0.936788298889946
21	2036	2	1	0.011745961714750184
21	2036	5	1	0.051465739395303765
21	2036	9	30	0.0
21	2037	1	1	0.937089429777952
21	2037	2	1	0.011745961714750184
21	2037	5	1	0.05116460850729787
21	2037	9	30	0.0
21	2038	1	1	0.9373170078826504
21	2038	2	1	0.011745961714750184
21	2038	5	1	0.05093703040259942
21	2038	9	30	0.0
21	2039	1	1	0.9373380576936658
21	2039	2	1	0.011745961714750184
21	2039	5	1	0.05091598059158394
21	2039	9	30	0.0
21	2040	1	1	0.9373556970399952
21	2040	2	1	0.011745961714750184
21	2040	5	1	0.050898341245254594
21	2040	9	30	0.0
21	2041	1	1	0.9373556970399952
21	2041	2	1	0.011745961714750184
21	2041	5	1	0.050898341245254594
21	2041	9	30	0.0
21	2042	1	1	0.9373556970399952
21	2042	2	1	0.011745961714750184
21	2042	5	1	0.050898341245254594
21	2042	9	30	0.0
21	2043	1	1	0.9373556970399952
21	2043	2	1	0.011745961714750184
21	2043	5	1	0.050898341245254594
21	2043	9	30	0.0
21	2044	1	1	0.9373556970399952
21	2044	2	1	0.011745961714750184
21	2044	5	1	0.050898341245254594
21	2044	9	30	0.0
21	2045	1	1	0.9373556970399952
21	2045	2	1	0.011745961714750184
21	2045	5	1	0.050898341245254594
21	2045	9	30	0.0
21	2046	1	1	0.9373556970399952
21	2046	2	1	0.011745961714750184
21	2046	5	1	0.050898341245254594
21	2046	9	30	0.0
21	2047	1	1	0.9373556970399952
21	2047	2	1	0.011745961714750184
21	2047	5	1	0.050898341245254594
21	2047	9	30	0.0
21	2048	1	1	0.9373556970399952
21	2048	2	1	0.011745961714750184
21	2048	5	1	0.050898341245254594
21	2048	9	30	0.0
21	2049	1	1	0.9373556970399952
21	2049	2	1	0.011745961714750184
21	2049	5	1	0.050898341245254594
21	2049	9	30	0.0
21	2050	1	1	0.9373556970399952
21	2050	2	1	0.011745961714750184
21	2050	5	1	0.050898341245254594
21	2050	9	30	0.0
42	1960	1	1	0.009615384615384616
42	1960	2	1	0.9903846153846154
42	1960	3	1	0.0
42	1961	1	1	0.009615384615384616
42	1961	2	1	0.9903846153846154
42	1961	3	1	0.0
42	1962	1	1	0.009615384615384616
42	1962	2	1	0.9903846153846154
42	1962	3	1	0.0
42	1963	1	1	0.009615384615384616
42	1963	2	1	0.9903846153846154
42	1963	3	1	0.0
42	1964	1	1	0.009615384615384616
42	1964	2	1	0.9903846153846154
42	1964	3	1	0.0
42	1965	1	1	0.009615384615384616
42	1965	2	1	0.9903846153846154
42	1965	3	1	0.0
42	1966	1	1	0.009615384615384616
42	1966	2	1	0.9903846153846154
42	1966	3	1	0.0
42	1967	1	1	0.009615384615384616
42	1967	2	1	0.9903846153846154
42	1967	3	1	0.0
42	1968	1	1	0.009615384615384616
42	1968	2	1	0.9903846153846154
42	1968	3	1	0.0
42	1969	1	1	0.009615384615384616
42	1969	2	1	0.9903846153846154
42	1969	3	1	0.0
42	1970	1	1	0.009615384615384616
42	1970	2	1	0.9903846153846154
42	1970	3	1	0.0
42	1971	1	1	0.009615384615384616
42	1971	2	1	0.9903846153846154
42	1971	3	1	0.0
42	1972	1	1	0.009615384615384616
42	1972	2	1	0.9903846153846154
42	1972	3	1	0.0
42	1973	1	1	0.009615384615384616
42	1973	2	1	0.9903846153846154
42	1973	3	1	0.0
42	1974	1	1	0.009615384615384616
42	1974	2	1	0.9903846153846154
42	1974	3	1	0.0
42	1975	1	1	0.009615384615384616
42	1975	2	1	0.9903846153846154
42	1975	3	1	0.0
42	1976	1	1	0.009615384615384616
42	1976	2	1	0.9903846153846154
42	1976	3	1	0.0
42	1977	1	1	0.009615384615384616
42	1977	2	1	0.9903846153846154
42	1977	3	1	0.0
42	1978	1	1	0.009615384615384616
42	1978	2	1	0.9903846153846154
42	1978	3	1	0.0
42	1979	1	1	0.009615384615384616
42	1979	2	1	0.9903846153846154
42	1979	3	1	0.0
42	1980	1	1	0.009615384615384616
42	1980	2	1	0.9903846153846154
42	1980	3	1	0.0
42	1981	1	1	0.008695652173913044
42	1981	2	1	0.991304347826087
42	1981	3	1	0.0
42	1982	1	1	0.011320754716981133
42	1982	2	1	0.9886792452830189
42	1982	3	1	0.0
42	1983	1	1	0.00808080808080808
42	1983	2	1	0.9919191919191919
42	1983	3	1	0.0
42	1984	1	1	0.009671179883945842
42	1984	2	1	0.9903288201160542
42	1984	3	1	0.0
42	1985	1	1	0.010447761194029851
42	1985	2	1	0.9895522388059701
42	1985	3	1	0.0
42	1986	1	1	0.010243277848911651
42	1986	2	1	0.9897567221510883
42	1986	3	1	0.0
42	1987	1	1	0.00982532751091703
42	1987	2	1	0.990174672489083
42	1987	3	1	0.0
42	1988	1	1	0.009990009990009992
42	1988	2	1	0.99000999000999
42	1988	3	1	0.0
42	1989	1	1	0.00944138473642801
42	1989	2	1	0.990558615263572
42	1989	3	1	0.0
42	1990	1	1	0.010173548773189708
42	1990	2	1	0.9826451226810293
42	1990	3	1	0.00718132854578097
42	1991	1	1	0.009632224168126095
42	1991	2	1	0.9719789842381786
42	1991	3	1	0.01838879159369527
42	1992	1	1	0.00975177304964539
42	1992	2	1	0.9441489361702128
42	1992	3	1	0.04609929078014184
42	1993	1	1	0.009237875288683603
42	1993	2	1	0.9145496535796767
42	1993	3	1	0.07621247113163972
42	1994	1	1	0.01021059349074665
42	1994	2	1	0.9049138481174218
42	1994	3	1	0.08487555839183153
42	1995	1	1	0.010022271714922048
42	1995	2	1	0.8368596881959911
42	1995	3	1	0.15311804008908686
42	1996	1	1	0.009941256213285133
42	1996	2	1	0.8920018075011297
42	1996	3	1	0.09805693628558518
42	1997	1	1	0.009676062263357172
42	1997	2	1	0.8161548169962137
42	1997	3	1	0.17416912074042912
42	1998	1	1	0.009992313604919293
42	1998	2	1	0.8408916218293621
42	1998	3	1	0.1491160645657187
42	1999	1	1	0.009927797833935017
42	1999	2	1	0.8772563176895307
42	1999	3	1	0.11281588447653429
42	2000	1	1	0.008437270726338958
42	2000	2	1	0.9156272927366104
42	2000	3	1	0.07593543653705062
42	2001	1	1	0.008933002481389578
42	2001	2	1	0.9049627791563275
42	2001	3	1	0.08610421836228288
42	2002	1	1	0.008956948858711355
42	2002	2	1	0.8910719445247038
42	2002	3	1	0.0999711066165848
42	2003	1	1	0.00936768149882904
42	2003	2	1	0.8805620608899297
42	2003	3	1	0.11007025761124122
42	2004	1	1	0.00889271371199082
42	2004	2	1	0.8683304647160068
42	2004	3	1	0.1227768215720023
42	2005	1	1	0.010458759210839077
42	2005	2	1	0.8561920608509627
42	2005	3	1	0.13334917993819825
42	2006	1	1	0.01188707280832095
42	2006	2	1	0.8473254086181278
42	2006	3	1	0.14078751857355126
42	2007	1	1	0.012987012987012986
42	2007	2	1	0.8398268398268398
42	2007	3	1	0.1471861471861472
42	2008	1	1	0.015932023366967606
42	2008	2	1	0.8292618162506639
42	2008	3	1	0.15480616038236855
42	2009	1	1	0.019101123595505618
42	2009	2	1	0.8254681647940075
42	2009	3	1	0.15543071161048688
42	2010	1	1	0.02108087389804523
42	2010	2	1	0.8198543503257953
42	2010	3	1	0.15906477577615946
42	2011	1	1	0.024618991793669404
42	2011	2	1	0.8173505275498242
42	2011	3	1	0.15803048065650646
42	2012	1	1	0.024618991793669404
42	2012	2	1	0.8173505275498242
42	2012	3	1	0.15803048065650646
42	2013	1	1	0.024618991793669404
42	2013	2	1	0.8173505275498242
42	2013	3	1	0.15803048065650646
42	2014	1	1	0.024618991793669404
42	2014	2	1	0.8173505275498242
42	2014	3	1	0.15803048065650646
42	2015	1	1	0.024618991793669404
42	2015	2	1	0.8173505275498242
42	2015	3	1	0.15803048065650646
42	2016	1	1	0.024618991793669404
42	2016	2	1	0.8173505275498242
42	2016	3	1	0.15803048065650646
42	2017	1	1	0.024618991793669404
42	2017	2	1	0.8173505275498242
42	2017	3	1	0.15803048065650646
42	2018	1	1	0.024618991793669404
42	2018	2	1	0.8173505275498242
42	2018	3	1	0.15803048065650646
42	2019	1	1	0.024618991793669404
42	2019	2	1	0.8173505275498242
42	2019	3	1	0.15803048065650646
42	2020	1	1	0.024618991793669404
42	2020	2	1	0.8173505275498242
42	2020	3	1	0.15803048065650646
42	2021	1	1	0.024618991793669404
42	2021	2	1	0.8173505275498242
42	2021	3	1	0.15803048065650646
42	2022	1	1	0.024618991793669404
42	2022	2	1	0.8173505275498242
42	2022	3	1	0.15803048065650646
42	2023	1	1	0.024618991793669404
42	2023	2	1	0.8173505275498242
42	2023	3	1	0.15803048065650646
42	2024	1	1	0.024618991793669404
42	2024	2	1	0.8173505275498242
42	2024	3	1	0.15803048065650646
42	2025	1	1	0.024618991793669404
42	2025	2	1	0.8173505275498242
42	2025	3	1	0.15803048065650646
42	2026	1	1	0.024618991793669404
42	2026	2	1	0.8173505275498242
42	2026	3	1	0.15803048065650646
42	2027	1	1	0.024618991793669404
42	2027	2	1	0.8173505275498242
42	2027	3	1	0.15803048065650646
42	2028	1	1	0.024618991793669404
42	2028	2	1	0.8173505275498242
42	2028	3	1	0.15803048065650646
42	2029	1	1	0.024618991793669404
42	2029	2	1	0.8173505275498242
42	2029	3	1	0.15803048065650646
42	2030	1	1	0.024618991793669404
42	2030	2	1	0.8173505275498242
42	2030	3	1	0.15803048065650646
42	2031	1	1	0.024618991793669404
42	2031	2	1	0.8173505275498242
42	2031	3	1	0.15803048065650646
42	2032	1	1	0.024618991793669404
42	2032	2	1	0.8173505275498242
42	2032	3	1	0.15803048065650646
42	2033	1	1	0.024618991793669404
42	2033	2	1	0.8173505275498242
42	2033	3	1	0.15803048065650646
42	2034	1	1	0.024618991793669404
42	2034	2	1	0.8173505275498242
42	2034	3	1	0.15803048065650646
42	2035	1	1	0.024618991793669404
42	2035	2	1	0.8173505275498242
42	2035	3	1	0.15803048065650646
42	2036	1	1	0.024618991793669404
42	2036	2	1	0.8173505275498242
42	2036	3	1	0.15803048065650646
42	2037	1	1	0.024618991793669404
42	2037	2	1	0.8173505275498242
42	2037	3	1	0.15803048065650646
42	2038	1	1	0.024618991793669404
42	2038	2	1	0.8173505275498242
42	2038	3	1	0.15803048065650646
42	2039	1	1	0.024618991793669404
42	2039	2	1	0.8173505275498242
42	2039	3	1	0.15803048065650646
42	2040	1	1	0.024618991793669404
42	2040	2	1	0.8173505275498242
42	2040	3	1	0.15803048065650646
42	2041	1	1	0.024618991793669404
42	2041	2	1	0.8173505275498242
42	2041	3	1	0.15803048065650646
42	2042	1	1	0.024618991793669404
42	2042	2	1	0.8173505275498242
42	2042	3	1	0.15803048065650646
42	2043	1	1	0.024618991793669404
42	2043	2	1	0.8173505275498242
42	2043	3	1	0.15803048065650646
42	2044	1	1	0.024618991793669404
42	2044	2	1	0.8173505275498242
42	2044	3	1	0.15803048065650646
42	2045	1	1	0.024618991793669404
42	2045	2	1	0.8173505275498242
42	2045	3	1	0.15803048065650646
42	2046	1	1	0.024618991793669404
42	2046	2	1	0.8173505275498242
42	2046	3	1	0.15803048065650646
42	2047	1	1	0.024618991793669404
42	2047	2	1	0.8173505275498242
42	2047	3	1	0.15803048065650646
42	2048	1	1	0.024618991793669404
42	2048	2	1	0.8173505275498242
42	2048	3	1	0.15803048065650646
42	2049	1	1	0.024618991793669404
42	2049	2	1	0.8173505275498242
42	2049	3	1	0.15803048065650646
42	2050	1	1	0.024618991793669404
42	2050	2	1	0.8173505275498242
42	2050	3	1	0.15803048065650646
52	1960	1	1	0.9900000001691281
52	1960	2	1	0.009999999830871818
52	1961	1	1	0.9900000001691281
52	1961	2	1	0.009999999830871818
52	1962	1	1	0.9900000001691281
52	1962	2	1	0.009999999830871818
52	1963	1	1	0.9900000001691281
52	1963	2	1	0.009999999830871818
52	1964	1	1	0.9900000001691281
52	1964	2	1	0.009999999830871818
52	1965	1	1	0.9900000001691281
52	1965	2	1	0.009999999830871818
52	1966	1	1	0.9900000001691281
52	1966	2	1	0.009999999830871818
52	1967	1	1	0.9900000001691281
52	1967	2	1	0.009999999830871818
52	1968	1	1	0.9900000001691281
52	1968	2	1	0.009999999830871818
52	1969	1	1	0.9899999989889561
52	1969	2	1	0.010000001011043905
52	1970	1	1	0.9899999960385246
52	1970	2	1	0.010000003961475339
52	1971	1	1	0.9704999938420698
52	1971	2	1	0.029500006157930168
52	1972	1	1	0.9409999979359059
52	1972	2	1	0.059000002064094
52	1973	1	1	0.9114999152581305
52	1973	2	1	0.08850008474186964
52	1974	1	1	0.8819999485215521
52	1974	2	1	0.11800005147844793
52	1975	1	1	0.852500009925512
52	1975	2	1	0.14749999007448805
52	1976	1	1	0.8229999265409046
52	1976	2	1	0.17700007345909535
52	1977	1	1	0.7934998596985378
52	1977	2	1	0.2065001403014624
52	1978	1	1	0.7640000489458487
52	1978	2	1	0.23599995105415122
52	1979	1	1	0.7344999974783057
52	1979	2	1	0.26550000252169453
52	1980	1	1	0.7049999865016886
52	1980	2	1	0.29500001349831145
52	1981	1	1	0.6754999855034168
52	1981	2	1	0.32450001449658306
52	1982	1	1	0.49949412617957256
52	1982	2	1	0.5005058738204273
52	1983	1	1	0.5419885893572347
52	1983	2	1	0.45801141064276535
52	1984	1	1	0.46125095878715994
52	1984	2	1	0.5387490412128402
52	1985	1	1	0.45880061259046545
52	1985	2	1	0.5411993874095347
52	1986	1	1	0.510575848283217
52	1986	2	1	0.48942415171678305
52	1987	1	1	0.4581843871599758
52	1987	2	1	0.5418156128400242
52	1988	1	1	0.4421536206430804
52	1988	2	1	0.5578463793569195
52	1989	1	1	0.4221299118729237
52	1989	2	1	0.5778700881270762
52	1990	1	1	0.3818037837629671
52	1990	2	1	0.618196216237033
52	1991	1	1	0.3791697352988649
52	1991	2	1	0.6208302647011352
52	1992	1	1	0.4244607779437405
52	1992	2	1	0.5755392220562596
52	1993	1	1	0.3663374602075541
52	1993	2	1	0.6336625397924459
52	1994	1	1	0.372367066378094
52	1994	2	1	0.627632933621906
52	1995	1	1	0.3535897634430576
52	1995	2	1	0.6464102365569426
52	1996	1	1	0.35618606970351885
52	1996	2	1	0.643813930296481
52	1997	1	1	0.39923400995078784
52	1997	2	1	0.6007659900492122
52	1998	1	1	0.29505381949008314
52	1998	2	1	0.7049461805099169
52	1999	1	1	0.363028729433462
52	1999	2	1	0.636971270566538
52	2000	1	1	0.3030060161876429
52	2000	2	1	0.6969939838123571
52	2001	1	1	0.2848165374544185
52	2001	2	1	0.7151834625455815
52	2002	1	1	0.38272631730441065
52	2002	2	1	0.6172736826955894
52	2003	1	1	0.34299273946970066
52	2003	2	1	0.6570072605302993
52	2004	1	1	0.33866605444524045
52	2004	2	1	0.6613339455547594
52	2005	1	1	0.2385711975489957
52	2005	2	1	0.7614288024510043
52	2006	1	1	0.2611084175877803
52	2006	2	1	0.73889158241222
52	2007	1	1	0.19430770470791026
52	2007	2	1	0.8056922952920895
52	2008	1	1	0.2750659573844399
52	2008	2	1	0.7249340426155602
52	2009	1	1	0.29444586290438257
52	2009	2	1	0.7055541370956173
52	2010	1	1	0.3496880566555408
52	2010	2	1	0.6503119433444592
52	2011	1	1	0.32251105109805966
52	2011	2	1	0.6774889489019404
52	2012	1	1	0.32251105109805966
52	2012	2	1	0.6774889489019404
52	2013	1	1	0.32251105109805966
52	2013	2	1	0.6774889489019404
52	2014	1	1	0.32251105109805966
52	2014	2	1	0.6774889489019404
52	2015	1	1	0.32251105109805966
52	2015	2	1	0.6774889489019404
52	2016	1	1	0.32251105109805966
52	2016	2	1	0.6774889489019403
52	2017	1	1	0.32251105109805966
52	2017	2	1	0.6774889489019403
52	2018	1	1	0.32251105109805966
52	2018	2	1	0.6774889489019403
52	2019	1	1	0.32251105109805966
52	2019	2	1	0.6774889489019403
52	2020	1	1	0.32251105109805966
52	2020	2	1	0.6774889489019403
52	2021	1	1	0.32251105109805966
52	2021	2	1	0.6774889489019403
52	2022	1	1	0.32251105109805966
52	2022	2	1	0.6774889489019403
52	2023	1	1	0.32251105109805966
52	2023	2	1	0.6774889489019403
52	2024	1	1	0.32251105109805966
52	2024	2	1	0.6774889489019403
52	2025	1	1	0.32251105109805966
52	2025	2	1	0.6774889489019403
52	2026	1	1	0.32251105109805966
52	2026	2	1	0.6774889489019403
52	2027	1	1	0.32251105109805966
52	2027	2	1	0.6774889489019403
52	2028	1	1	0.32251105109805966
52	2028	2	1	0.6774889489019403
52	2029	1	1	0.32251105109805966
52	2029	2	1	0.6774889489019403
52	2030	1	1	0.32251105109805966
52	2030	2	1	0.6774889489019403
52	2031	1	1	0.32251105109805966
52	2031	2	1	0.6774889489019403
52	2032	1	1	0.32251105109805966
52	2032	2	1	0.6774889489019403
52	2033	1	1	0.32251105109805966
52	2033	2	1	0.6774889489019404
52	2034	1	1	0.32251105109805966
52	2034	2	1	0.6774889489019404
52	2035	1	1	0.32251105109805966
52	2035	2	1	0.6774889489019404
52	2036	1	1	0.32251105109805966
52	2036	2	1	0.6774889489019404
52	2037	1	1	0.32251105109805966
52	2037	2	1	0.6774889489019404
52	2038	1	1	0.32251105109805966
52	2038	2	1	0.6774889489019404
52	2039	1	1	0.32251105109805966
52	2039	2	1	0.6774889489019404
52	2040	1	1	0.32251105109805966
52	2040	2	1	0.6774889489019404
52	2041	1	1	0.32251105109805966
52	2041	2	1	0.6774889489019404
52	2042	1	1	0.32251105109805966
52	2042	2	1	0.6774889489019404
52	2043	1	1	0.32251105109805966
52	2043	2	1	0.6774889489019404
52	2044	1	1	0.32251105109805966
52	2044	2	1	0.6774889489019404
52	2045	1	1	0.32251105109805966
52	2045	2	1	0.6774889489019404
52	2046	1	1	0.32251105109805966
52	2046	2	1	0.6774889489019404
52	2047	1	1	0.32251105109805966
52	2047	2	1	0.6774889489019404
52	2048	1	1	0.32251105109805966
52	2048	2	1	0.6774889489019404
52	2049	1	1	0.32251105109805966
52	2049	2	1	0.6774889489019404
52	2050	1	1	0.32251105109805966
52	2050	2	1	0.6774889489019404
61	1960	1	1	0.08536200556149831
61	1960	2	1	0.9146379944385018
61	1961	1	1	0.08536200556149831
61	1961	2	1	0.9146379944385018
61	1962	1	1	0.08536200556149831
61	1962	2	1	0.9146379944385018
61	1963	1	1	0.08536200556149831
61	1963	2	1	0.9146379944385018
61	1964	1	1	0.08536200556149831
61	1964	2	1	0.9146379944385018
61	1965	1	1	0.08536200556149831
61	1965	2	1	0.9146379944385018
61	1966	1	1	0.08536200556149831
61	1966	2	1	0.9146379944385018
61	1967	1	1	0.08536200556149831
61	1967	2	1	0.9146379944385018
61	1968	1	1	0.08536200556149831
61	1968	2	1	0.9146379944385018
61	1969	1	1	0.08536200556149831
61	1969	2	1	0.9146379944385018
61	1970	1	1	0.08536200556149831
61	1970	2	1	0.9146379944385018
61	1971	1	1	0.08536202882976726
61	1971	2	1	0.9146379711702327
61	1972	1	1	0.08536200556149831
61	1972	2	1	0.9146379944385018
61	1973	1	1	0.08536199683590072
61	1973	2	1	0.9146380031640994
61	1974	1	1	0.08536200788832463
61	1974	2	1	0.9146379921116752
61	1975	1	1	0.08536198345665455
61	1975	2	1	0.9146380165433455
61	1976	1	1	0.0853620043980852
61	1976	2	1	0.9146379956019149
61	1977	1	1	0.08536200556149831
61	1977	2	1	0.9146379944385017
61	1978	1	1	0.08536200439808518
61	1978	2	1	0.9146379956019146
61	1979	1	1	0.08536200788832463
61	1979	2	1	0.9146379921116752
61	1980	1	1	0.08536197065911864
61	1980	2	1	0.9146380293408812
61	1981	1	1	0.08536200410723194
61	1981	2	1	0.9146379958927681
61	1982	1	1	0.01228148009333059
61	1982	2	1	0.9877185199066694
61	1983	1	1	0.01206371903402364
61	1983	2	1	0.9879362809659764
61	1984	1	1	0.005224204048576776
61	1984	2	1	0.9947757959514232
61	1985	1	1	0.0049968161143681715
61	1985	2	1	0.9950031838856319
61	1986	1	1	0.006093058639119228
61	1986	2	1	0.9939069413608808
61	1987	1	1	0.003703382057403777
61	1987	2	1	0.9962966179425963
61	1988	1	1	0.0033996717824477185
61	1988	2	1	0.9966003282175524
61	1989	1	1	0.006022581589987316
61	1989	2	1	0.9939774184100127
61	1990	1	1	0.0
61	1990	2	1	1.0
61	1991	1	1	0.0
61	1991	2	1	1.0
61	1992	1	1	0.0037589704830449677
61	1992	2	1	0.996241029516955
61	1993	1	1	0.0028920003467432635
61	1993	2	1	0.9971079996532567
61	1994	1	1	0.0
61	1994	2	1	1.0
61	1995	1	1	0.0014570947745463326
61	1995	2	1	0.9985429052254536
61	1996	1	1	0.0
61	1996	2	1	1.0
61	1997	1	1	2.0484269581927537E-6
61	1997	2	1	0.9999979515730417
61	1998	1	1	0.0
61	1998	2	1	1.0
61	1999	1	1	4.779951534708229E-6
61	1999	2	1	0.9999952200484654
61	2000	1	1	1.7140950747676762E-5
61	2000	2	1	0.9999828590492523
61	2001	1	1	3.818879512453507E-5
61	2001	2	1	0.9999618112048755
61	2002	1	1	1.9229927851575223E-5
61	2002	2	1	0.9999807700721485
61	2003	1	1	0.0
61	2003	2	1	0.9999999999999999
61	2004	1	1	6.158186937717182E-5
61	2004	2	1	0.9999384181306227
61	2005	1	1	0.0
61	2005	2	1	1.0
61	2006	1	1	0.0
61	2006	2	1	1.0
61	2007	1	1	0.0
61	2007	2	1	1.0
61	2008	1	1	0.0
61	2008	2	1	1.0
61	2009	1	1	0.0
61	2009	2	1	1.0
61	2010	1	1	0.0
61	2010	2	1	0.9999999999999999
61	2011	1	1	0.0
61	2011	2	1	1.0
61	2012	1	1	0.0
61	2012	2	1	1.0
61	2013	1	1	0.0
61	2013	2	1	1.0
61	2014	1	1	0.0
61	2014	2	1	1.0
61	2015	1	1	0.0
61	2015	2	1	1.0
61	2016	1	1	0.0
61	2016	2	1	1.0
61	2017	1	1	0.0
61	2017	2	1	1.0
61	2018	1	1	0.0
61	2018	2	1	1.0
61	2019	1	1	0.0
61	2019	2	1	1.0
61	2020	1	1	0.0
61	2020	2	1	1.0
61	2021	1	1	0.0
61	2021	2	1	1.0
61	2022	1	1	0.0
61	2022	2	1	1.0
61	2023	1	1	0.0
61	2023	2	1	1.0
61	2024	1	1	0.0
61	2024	2	1	1.0
61	2025	1	1	0.0
61	2025	2	1	1.0
61	2026	1	1	0.0
61	2026	2	1	1.0
61	2027	1	1	0.0
61	2027	2	1	1.0
61	2028	1	1	0.0
61	2028	2	1	1.0
61	2029	1	1	0.0
61	2029	2	1	1.0
61	2030	1	1	0.0
61	2030	2	1	1.0
61	2031	1	1	0.0
61	2031	2	1	1.0
61	2032	1	1	0.0
61	2032	2	1	1.0
61	2033	1	1	0.0
61	2033	2	1	1.0
61	2034	1	1	0.0
61	2034	2	1	1.0
61	2035	1	1	0.0
61	2035	2	1	1.0
61	2036	1	1	0.0
61	2036	2	1	1.0
61	2037	1	1	0.0
61	2037	2	1	1.0
61	2038	1	1	0.0
61	2038	2	1	1.0
61	2039	1	1	0.0
61	2039	2	1	1.0
61	2040	1	1	0.0
61	2040	2	1	1.0
61	2041	1	1	0.0
61	2041	2	1	1.0
61	2042	1	1	0.0
61	2042	2	1	1.0
61	2043	1	1	0.0
61	2043	2	1	1.0
61	2044	1	1	0.0
61	2044	2	1	1.0
61	2045	1	1	0.0
61	2045	2	1	1.0
61	2046	1	1	0.0
61	2046	2	1	1.0
61	2047	1	1	0.0
61	2047	2	1	1.0
61	2048	1	1	0.0
61	2048	2	1	1.0
61	2049	1	1	0.0
61	2049	2	1	1.0
61	2050	1	1	0.0
61	2050	2	1	1.0
