fuelFormulationID	fuelSubtypeID	RVP	sulfurLevel	ETOHVolume	MTBEVolume	ETBEVolume	TAMEVolume	aromaticContent	olefinContent	benzeneContent	e200	e300	BioDieselEsterVolume	CetaneIndex	PAHContent	T50	T90
10	10	6.9	30.0	0.0	0.0	0.0	0.0	26.1	5.6	1.0	41.09	83.09	0.0	0.0	0.0	218.0	329.0
20	20	0.0	11.0	0.0	0.0	0.0	0.0	0.0	0.0	0.0	0.0	0.0	0.0	0.0	0.0	0.0	0.0
96	10	8.7	338.0	0.0	0.0	0.0	0.0	26.4	11.9	1.64	50.0	83.0	0.0	0.0	0.0	199.816	329.409
97	10	6.6	150.0	0.0	11.7581	0.0	0.0	24.0	11.0	0.8	52.0	84.0	0.0	0.0	0.0	195.735	324.864
98	10	6.9	30.0	0.0	0.0	0.0	0.0	26.1	5.6	1.0	41.09	83.09	0.0	0.0	0.0	218.0	329.0
99	10	6.9	90.0	0.0	0.0	0.0	0.0	26.1	5.6	1.0	41.09	83.09	0.0	0.0	0.0	218.0	329.0
3324	12	9.7	30.0	10.0	0.0	0.0	0.0	23.23	12.52	0.61	48.03	80.91	0.0	0.0	0.0	205.66	336.73
3326	15	8.7	30.0	15.0	0.0	0.0	0.0	21.89	11.34	0.61	54.16	81.42	0.0	0.0	0.0	193.23	334.36
25005	21	0.0	15.0	0.0	0.0	0.0	0.0	0.0	0.0	0.0	0.0	0.0	5.0	0.0	0.0	0.0	0.0
